193
27563811 -43.9355129 -19.9329585
27563817 -43.9380886 -19.9341802
28109307 -43.9359065 -19.9341695
28109308 -43.9319329 -19.9351339
28109321 -43.9368256 -19.9378539
28797669 -43.9358894 -19.9393917
28800981 -43.9333207 -19.9347586
28800984 -43.9346452 -19.9344756
28800991 -43.9403889 -19.9356408
28800992 -43.9351893 -19.9369412
28800993 -43.932588 -19.9375671
28800999 -43.9322474 -19.9311334
28801001 -43.9364072 -19.9314489
28801003 -43.9371543 -19.9338464
28801005 -43.9378333 -19.9362846
28801007 -43.9385285 -19.9387287
28801008 -43.9362166 -19.9354155
28801009 -43.9349064 -19.9357019
28801010 -43.9336371 -19.9359999
28801011 -43.9310189 -19.9366642
28801021 -43.9312757 -19.9326781
29095037 -43.9303236 -19.9342022
29095088 -43.9391182 -19.9359799
29095228 -43.9316204 -19.9338865
29096112 -43.9329243 -19.9335836
29096621 -43.9342483 -19.9332679
29096654 -43.9342575 -19.9384715
29096690 -43.9394626 -19.9372076
29096800 -43.9398439 -19.9384456
32449500 -43.9311717 -19.9312791
32449501 -43.9309819 -19.9315755
32449504 -43.9301572 -19.9329005
32449508 -43.9291542 -19.9345075
32449511 -43.9290854 -19.9346171
35789350 -43.9263666 -19.9389224
35789354 -43.9332807 -19.9398211
35789356 -43.9360814 -19.9400886
35789357 -43.9374786 -19.9402197
35789358 -43.9386906 -19.9399477
35789360 -43.9401365 -19.9395962
35789361 -43.9372555 -19.9390111
35789369 -43.9340325 -19.9372179
35789371 -43.9337652 -19.9372144
35789372 -43.9339552 -19.9373207
35789373 -43.9324888 -19.9363518
35789375 -43.9321767 -19.9363376
35789376 -43.9322688 -19.9363921
35789377 -43.9307873 -19.9354009
35789378 -43.9306477 -19.9353228
35789388 -43.9335509 -19.9308685
35789390 -43.9352705 -19.931691
35789393 -43.9351293 -19.9317492
35789394 -43.9366172 -19.9326508
35789397 -43.9368684 -19.9325703
35789621 -43.9378898 -19.9336741
35927078 -43.9376407 -19.9311846
35966329 -43.9379597 -19.9341731
35966460 -43.9375048 -19.9351236
35966462 -43.9364999 -19.9365465
35966463 -43.9363597 -19.9367501
35966465 -43.9340439 -19.9398945
35966466 -43.9345729 -19.9396189
35966467 -43.9348201 -19.9394513
35966469 -43.9271945 -19.9375898
60592937 -43.9293753 -19.9357523
60592938 -43.9297093 -19.936969
60592939 -43.9300715 -19.9382012
60649226 -43.9271258 -19.9376996
60649228 -43.9280739 -19.9361715
60649229 -43.9284246 -19.937263
60649233 -43.9287698 -19.9385064
60649234 -43.9290087 -19.939341
320407495 -43.9368844 -19.9389521
320407500 -43.9346137 -19.93978
320926282 -43.9346673 -19.9399505
320934177 -43.93053 -19.9395313
320934178 -43.9307315 -19.9392971
320934192 -43.9304014 -19.9393148
320934193 -43.9304257 -19.9394022
320943753 -43.9316204 -19.9391242
320943756 -43.9317003 -19.939102
320943759 -43.9316382 -19.9390322
324383445 -43.9371993 -19.9391267
324383461 -43.9369888 -19.938863
324383464 -43.9370945 -19.9387659
324383576 -43.9365631 -19.9368582
324383586 -43.9364217 -19.936857
324383603 -43.9375681 -19.9347851
324497573 -43.9367344 -19.9363507
324497851 -43.9362305 -19.9366708
324654678 -43.9320823 -19.9305332
324654682 -43.931267 -19.9313441
324654683 -43.9332158 -19.9308801
335352451 -43.9356337 -19.9381319
335352453 -43.9354775 -19.9381657
335352457 -43.935582 -19.9382231
335352460 -43.9319447 -19.9300068
354123244 -43.9322206 -19.9362005
354123256 -43.9371471 -19.9389507
354123393 -43.9374653 -19.9349804
354123400 -43.9365258 -19.9366927
354123490 -43.931875 -19.9396784
354123535 -43.9344167 -19.9399341
504703712 -43.9298826 -19.9394819
505552546 -43.9398582 -19.9343586
520953894 -43.9286118 -19.9359241
585680660 -43.9329777 -19.9387668
585680663 -43.9328752 -19.938806
585680695 -43.9327157 -19.9380373
585680707 -43.9332222 -19.9395856
585680825 -43.9331587 -19.9396362
1231573248 -43.9386784 -19.9398156
1654237102 -43.9272267 -19.9379857
1654237212 -43.9270036 -19.9378778
2066691721 -43.9355301 -19.9380714
2310428217 -43.9333713 -19.9398288
2337296595 -43.9267622 -19.939106
2391172884 -43.9317894 -19.9396664
2638299251 -43.9275747 -19.9392297
2638299252 -43.9274451 -19.9388244
2638299253 -43.9266746 -19.9390673
2809053125 -43.9366241 -19.9323954
2855835401 -43.9372851 -19.9352344
2855837201 -43.9337447 -19.9370527
2871480402 -43.9313476 -19.9378729
2903117305 -43.9351491 -19.9318301
2995638433 -43.9373964 -19.9347426
4921453870 -43.9331434 -19.9398104
5395802458 -43.9383152 -19.9310244
5395802460 -43.937719 -19.9330701
5395802461 -43.9389193 -19.9327406
5535142524 -43.9352022 -19.931726
7616664380 -43.9352033 -19.9319278
7616664381 -43.9351962 -19.9318571
7616664382 -43.9352253 -19.9318065
7616664383 -43.9352837 -19.9317697
7616664384 -43.9351727 -19.9317759
8163857814 -43.9282015 -19.9359823
8167319493 -43.9297086 -19.9343585
8185991431 -43.9291365 -19.934965
8269807080 -43.9314071 -19.9326495
8269807081 -43.9312623 -19.9326325
8276874214 -43.9334082 -19.9307359
8276874216 -43.9335391 -19.9308024
8276904317 -43.933381 -19.9307743
8276904318 -43.9332828 -19.9307604
8276904319 -43.9335529 -19.9309409
8278565230 -43.9332646 -19.93075
8304939572 -43.9358427 -19.9394015
8680919229 -43.9389541 -19.9329135
8680919232 -43.9380374 -19.9331792
8680919235 -43.9377492 -19.9331754
8680919245 -43.9379338 -19.9311229
8880478832 -43.9323091 -19.9365403
8880478836 -43.9323949 -19.9364588
8880478839 -43.9342081 -19.9373151
8880478842 -43.9342473 -19.9371665
8880478848 -43.9370183 -19.9390256
8880478849 -43.9370876 -19.9389188
8914207455 -43.9384861 -19.9398351
8914207458 -43.9384342 -19.9400122
8920381283 -43.9269894 -19.9379006
8927158041 -43.9298761 -19.9334269
8927158044 -43.9301046 -19.9334349
8933869823 -43.9401757 -19.9356967
8942682080 -43.9366343 -19.9313936
8944641415 -43.9387363 -19.9330106
8945468931 -43.9362175 -19.9379885
8977705852 -43.9352954 -19.9373544
8980870941 -43.9356856 -19.9388366
8980870942 -43.9349209 -19.9383029
9397201412 -43.9388463 -19.9399082
9450558662 -43.9307009 -19.9355178
9450814327 -43.9300118 -19.9331866
9454049553 -43.9400562 -19.9344233
9454073013 -43.9283553 -19.9357435
9454073015 -43.9302411 -19.9355353
9454073016 -43.9306014 -19.9354594
9454090517 -43.9303919 -19.9353403
9455840349 -43.9381954 -19.9375158
9456218350 -43.9373289 -19.9312536
9474391892 -43.9371693 -19.9328842
9474391895 -43.9369172 -19.9330702
9474391900 -43.9367944 -19.9326733
9474391901 -43.9366931 -19.9325306
9481236288 -43.9339212 -19.932079
9481236290 -43.9338633 -19.9320534
9481236292 -43.9338969 -19.9320022
9483958317 -43.9325791 -19.9323141
9483958318 -43.9326034 -19.9323909
9483958319 -43.9325455 -19.9323653
9483958320 -43.932629 -19.9323479
9484003425 -43.9365233 -19.9314219
331
27563811 29096621 136.5966082127799
27563811 7616664380 119.09064180159183
27563817 35966460 121.5842358124361
28109307 28801003 135.2936052394436
28109307 27563811 140.8027898857383
28109308 28800981 150.95299887530936
28109308 354123244 122.3542169839746
28109321 324383576 114.06646222716829
28109321 8945468931 65.30316767639799
28797669 35789356 80.04858557950708
28797669 320407495 129.4609257161817
28800981 28800984 141.9844167168852
28800981 29096112 137.06763104675193
28800984 28109307 136.16963525395
28800984 28801009 139.06526295748532
28800991 8933869823 23.156234013102278
28800992 324497851 112.91453461464795
28800992 8880478842 101.6050537713747
28800992 28801009 140.94133610276302
28800992 8977705852 47.26543644784536
28800993 585680695 53.9610280853325
28800993 35789371 132.40033896086715
28800999 9483958317 135.78968933203004
28800999 324654683 105.07686479602037
28800999 324654682 105.12975481900402
28800999 324654678 68.9347273795273
28801001 9484003425 12.502301460262492
28801003 2995638433 102.81629510263521
28801003 35789621 79.2367450345186
28801005 29095088 138.52013310561415
28801005 9455840349 142.039484297766
28801007 29096800 141.0561908800866
28801008 28801009 140.61151459832374
28801008 28109307 142.29058558757097
28801009 28801010 136.75724605613897
28801010 28800981 141.93374510579278
28801010 35789373 130.33916749018286
28801011 60592938 141.02703331194607
28801011 9450558662 131.7420176510865
28801021 29095228 139.11559929145122
28801021 32449504 119.50765626665913
29095037 8167319493 66.59548210186152
29095037 8927158044 88.33786191777911
29095088 28801005 138.52013310561415
29095088 8933869823 114.94058372389063
29095228 29095037 140.055717363587
29095228 28109308 142.50678474074235
29096112 29095228 140.40048955828055
29096112 9483958318 136.79894251272535
29096621 29096112 142.78464977004032
29096621 28800984 140.5533191812391
29096654 8980870942 71.83473216633949
29096654 585680660 137.74822993728165
29096654 35789372 131.8071980377008
29096690 29095088 141.18133687728672
29096690 9455840349 136.82586530723754
29096800 29096690 143.3172576831169
32449500 324654682 12.307882358924157
32449500 32449501 38.46942757751476
32449501 8269807081 121.13303174049149
32449501 32449504 170.70206625795836
32449504 9450814327 35.35186936213135
32449508 32449511 14.150797903803761
32449508 35789378 180.53942776905342
32449511 9454073013 146.75278551368532
35789350 2638299253 36.12539833283933
35789354 2310428217 9.508960381644874
35789356 28797669 80.04858557950708
35789356 35789357 146.8700455117545
35789357 324383445 124.99360964593845
35789357 8914207458 102.60646425905666
35789358 9397201412 16.85741849345655
35789358 8914207455 24.773091212928872
35789360 29096800 131.54788879718646
35789361 1231573248 173.56411680819593
35789361 28801007 136.72248432802462
35789369 8880478839 21.30128130734644
35789369 8880478842 23.169231028690145
35789371 8880478836 166.0632652609455
35789372 35789371 23.112043572042964
35789373 2855837201 152.67198412538312
35789375 28801011 126.36410009957501
35789375 9450558662 179.19335263400586
35789376 8880478832 17.00903318457067
35789376 35789375 11.375889739186999
35789377 28109308 123.37897898667683
35789377 354123244 174.2273186695528
35789378 35789377 16.98127739827886
35789378 29095037 129.13118440021373
35789388 8276904319 8.053238349860907
35789388 8276904317 20.6192203865637
35789390 2809053125 161.72967260513482
35789390 28801001 121.91838845558944
35789393 35789388 191.8712048855073
35789394 27563811 120.4003972527431
35789394 7616664381 172.78360577981138
35789397 5395802460 104.89753034524983
35789621 8680919235 57.39870007946511
35927078 8680919245 31.3984044593734
35966329 27563817 13.497389688472008
35966329 35789621 57.0826582585062
35966460 324497573 158.43991141062986
35966460 28801005 133.58651533660736
35966462 2855835401 167.40185993387598
35966462 28801008 129.20126846652653
35966463 35966462 26.968792597772925
35966463 324497851 16.129152082910895
35966465 35966466 66.36076974068312
35966465 354123535 39.216413578319546
35966466 29096654 131.7760389116805
35966466 335352453 187.24303039144652
35966467 8304939572 117.65031082845505
35966467 320407500 42.478686730187675
35966469 60649226 14.164595034008375
60592937 520953894 82.06441366999464
60592937 9454073015 93.66504267247957
60592937 60592938 139.72337509895056
60592937 8185991431 91.03321676534549
60592938 60592939 142.14938925173246
60592938 60592937 139.72337509895056
60592938 60649229 138.2126924537046
60592938 28801011 141.02703331194607
60592939 60592938 142.14938925173246
60592939 60649233 140.23505224345223
60592939 2871480402 138.296127815589
60592939 320934192 128.53894317985123
60649226 1654237212 23.575371288050672
60649228 60649229 126.8136446262967
60649228 35966469 182.5441901286231
60649229 60592938 138.2126924537046
60649229 35966469 133.61932640907924
60649229 60649233 142.89109671774148
60649233 60649234 96.10453680645813
60649233 2638299252 142.91418888440657
60649233 60592939 140.23505224345223
60649233 60649229 142.89109671774148
60649234 60649233 96.10453680645813
60649234 504703712 92.68204639604488
320407495 335352457 158.4756990570096
320407500 354123535 26.81590532563836
320407500 320926282 19.76930826721172
320926282 35789356 148.609904824575
320934177 320934178 33.501721384306684
320934177 2391172884 132.5030025734687
320934178 320943753 94.88444032380765
320934192 320934193 10.044909305251027
320934192 60592939 128.53894317985123
320934193 320934178 34.03444847834144
320943753 320943759 10.397776730936702
320943753 2391172884 62.898114725099546
320943756 320943759 10.118122447956173
320943759 2871480402 132.43942938847098
324383445 35789361 14.132929692628247
324383445 354123256 20.316761493135132
324383445 8880478848 22.00771510540558
324383461 324383464 15.448372717316555
324383461 8880478849 12.04899183438757
324383464 28109321 105.2332703294
324383576 354123400 18.811295159013504
324383576 324383586 15.43908512261467
324383586 335352451 163.95619040518173
324383603 35966329 79.41855369595078
324497573 354123400 43.83687703398469
324497573 28801005 129.71196609959344
324497851 28800992 112.91453461464795
324654678 28800999 68.9347273795273
324654682 28800999 105.12975481900402
324654683 28800999 105.07686479602037
324654683 8278565230 15.560225048013223
335352451 335352457 11.491092084060256
335352451 324383461 163.3234835540981
335352453 2066691721 11.839806304831031
335352453 35789372 184.8048477003488
335352457 335352453 12.651413649056694
335352457 35966467 158.10525574633292
335352460 32449500 162.93838311503924
354123244 35789373 32.69587944452525
354123244 35789376 21.892640524710856
354123244 35789375 16.122703619056704
354123256 35789361 13.171901027714599
354123256 324383464 21.27172335443857
354123393 35966460 16.44977493835947
354123393 324383603 24.229670850943542
354123400 35966462 16.480618132354774
354123400 324383586 21.26453293644428
354123490 320943756 66.64358434959895
354123490 4921453870 133.39484927812398
354123535 320926282 26.25836850554827
504703712 320934193 57.457454553061524
504703712 320934177 67.96339429294949
505552546 8944641415 205.3757095802543
520953894 60592937 82.06441366999464
585680660 585680707 94.56561491900939
585680660 29096654 137.74822993728168
585680663 320943756 127.14588837630193
585680695 585680660 85.8859275367503
585680695 585680663 87.14343966871269
585680707 35789354 26.91209068586557
585680707 585680825 9.693495665538618
585680825 585680663 98.44474243950462
1231573248 28801007 128.0744094634451
1231573248 9397201412 20.347946155380352
1654237102 60649226 33.5157148005992
1654237102 8920381283 26.60335805824892
1654237212 8920381283 2.937808882598525
2066691721 335352451 12.748765258585138
2066691721 35966463 170.63227560936565
2310428217 35966465 70.68478446973141
2337296595 2638299251 86.08531008152723
2391172884 354123490 9.046644116909356
2638299251 2638299252 47.05943002705003
2638299251 60649234 150.40526021835623
2638299252 1654237102 96.01291426506378
2638299252 60649233 142.91418888440657
2638299252 2638299251 47.05943002705003
2638299253 2337296595 10.117547723665943
2638299253 2638299252 84.94828110588061
2809053125 9484003425 116.88871270955408
2809053125 35789397 32.3080894736077
2855835401 28801008 116.2597225808724
2855835401 354123393 33.951484682131834
2855837201 35789369 35.25226368789772
2855837201 28801010 124.62198827553729
2871480402 60592939 138.296127815589
2871480402 28800993 134.04420811452928
2871480402 28801011 138.7239052565447
2903117305 35789393 9.230725515555108
2903117305 7616664384 6.512153700009202
2995638433 324383603 18.559947732035866
2995638433 354123393 27.405515874144204
4921453870 35789354 14.40107713814019
4921453870 585680825 19.682783276630502
5395802458 5395802461 206.925469682024
5395802460 9456218350 209.128501958691
5395802460 5395802461 133.90831336233327
5395802461 8680919229 19.56676371824229
5535142524 35789390 8.13152430174369
5535142524 7616664383 9.807900021721613
7616664380 7616664381 7.896449496534352
7616664380 2903117305 12.25243347335829
7616664381 7616664382 6.3961425864056825
7616664381 2903117305 5.766726683922553
7616664382 7616664384 6.466149226146652
7616664382 7616664383 7.349352819372615
7616664383 9474391901 169.89653398732986
7616664384 5535142524 6.347988422657512
7616664384 35789393 5.421892381964039
8163857814 60649228 24.910045808006913
8167319493 29095037 66.59548210186152
8185991431 60592937 91.03321676534549
8269807080 28801021 14.0990855488495
8269807080 9483958319 123.12596078455502
8269807081 28801021 5.260421813296513
8269807081 8269807080 15.351236460123886
8276874214 8276874216 15.553786570191653
8276874214 8276904317 5.1300237873551815
8276874216 35789388 7.45278352481051
8276904317 8276904318 10.381050793401371
8276904318 8278565230 2.2264277888207884
8276904319 9481236292 123.36852027602582
8276904319 8276904318 35.06862357818108
8278565230 335352460 160.84419441374
8304939572 28797669 5.001672090178753
8304939572 8980870941 64.92530120916584
8680919229 505552546 213.96392268178874
8680919229 8944641415 25.40933796857197
8680919232 8680919235 30.1339186001886
8680919232 27563817 115.57781149107657
8680919235 5395802460 12.126956895233482
8680919235 9474391892 69.12849903824387
8680919245 5395802458 41.346669643533765
8880478832 28800993 117.83841909322152
8880478836 35789376 15.124713413926962
8880478836 8880478832 14.616614501183331
8880478839 2066691721 161.80914595820587
8880478842 28800992 101.6050537713747
8880478842 8880478839 18.04540169993944
8880478848 320407495 16.207955473876833
8880478849 8880478848 14.676816621098602
8880478849 354123256 7.159922754448891
8914207455 324383445 155.87589536994076
8914207458 35789358 27.744676887118004
8914207458 8914207455 21.15862950948967
8920381283 35789350 130.9591932156251
8927158041 32449508 141.90381691918975
8927158044 8927158041 26.471600828794994
8927158044 9450814327 29.26433814203556
8933869823 29095088 114.94058372389063
8942682080 9456218350 74.26754270254943
8944641415 8680919232 75.42644751261088
8945468931 28109321 65.30316767639799
8977705852 28800992 47.26543644784536
8980870941 8304939572 64.92530120916584
8980870942 29096654 71.83473216633949
9397201412 35789360 139.25441590251876
9450558662 35789377 15.828311977385482
9450558662 9454073016 12.261675195858581
9450558662 35789378 22.384819420141458
9450814327 8927158041 30.252063405979996
9454049553 505552546 22.738605111662846
9454049553 28800991 139.77703172824212
9454073013 520953894 37.183096144581256
9454073013 8163857814 31.055065143282896
9454073015 60592937 93.66504267247957
9454073015 9454090517 31.524174209911326
9454073016 9454073015 38.89097866964931
9454073016 9454090517 25.5945771545177
9454090517 32449511 158.49556045685438
9455840349 28109321 148.03913156902212
9455840349 28801007 139.29080499170342
9456218350 35927078 33.48480013970547
9474391892 9474391900 45.670462548290004
9474391892 9474391895 37.521132047742825
9474391895 28801003 89.79777126029423
9474391900 35789394 18.69159067316294
9474391900 9474391895 45.96229447209822
9474391900 7616664382 190.3346412762902
9474391901 9474391900 19.51344322475633
9474391901 35789397 18.849016235824987
9481236288 29096621 136.55020473139146
9481236288 9481236290 7.509469788011701
9481236290 9483958320 133.11722031781272
9481236290 9481236292 7.519769830451967
9483958317 28800999 135.78968933203004
9483958317 9483958320 7.148302162651939
9483958318 9483958319 7.509459526511883
9483958319 8269807080 123.12596078455502
9483958319 9483958317 7.519764409159688
9483958320 9481236290 133.11722031781272
9483958320 9483958318 5.869717893633223
9484003425 8942682080 12.0224845003245